%YAML:1.0
---
filter:
   low: [ 30., 30., 30., 0. ]
   high: [ 100., 100., 100., 0. ]
