%YAML:1.0
---
filter:
   low: [ 103., 166., 80., 0. ]
   high: [ 118., 218., 206., 0. ]
