%YAML:1.0
---
filter:
   low: [ 56., 82., 69., 0. ]
   high: [ 86., 232., 176., 0. ]
