%YAML:1.0
---
filter:
   low: [ 81., 123., 131., 0. ]
   high: [ 122., 203., 216., 0. ]
