%YAML:1.0
---
filter:
   low: [ 70., 15., 184., 0. ]
   high: [ 240., 80., 255., 0. ]
