%YAML:1.0
---
filter:
  low: [70., 0., 150., 0.]
  high: [240., 70., 255., 0.]
